"State" "Amblycheila.baroni" "Amblycheila.cylindriformis" "Amblycheila.picolominii" "Amblycheila.schwarzi" "Cicindela.abdominalis" "Cicindela.amargosae" "Cicindela.ancocisconensis" "Cicindela.arenicola" "Cicindela.belfragei" "Cicindela.bellissima" "Cicindela.blanda" "Cicindela.californica" "Cicindela.cazieri" "Cicindela.celeripes" "Cicindela.chlorocephala" "Cicindela.circumpicta" "Cicindela.columbica" "Cicindela.cuprascens" "Cicindela.cursitans" "Cicindela.debilis" "Cicindela.decemnotata" "Cicindela.denverensis" "Cicindela.depressula" "Cicindela.dorsalis" "Cicindela.duodecimguttata" "Cicindela.formosa" "Cicindela.fulgida" "Cicindela.fulgoris" "Cicindela.gabbii" "Cicindela.gratiosa" "Cicindela.haemorrhagica" "Cicindela.hamata" "Cicindela.hirticollis" "Cicindela.hirtilabris" "Cicindela.hornii" "Cicindela.latesignata" "Cicindela.lemniscata" "Cicindela.lengi" "Cicindela.lepida" "Cicindela.limbalis" "Cicindela.limbata" "Cicindela.longilabris" "Cicindela.macra" "Cicindela.marginata" "Cicindela.marginipennis" "Cicindela.marutha" "Cicindela.nebraskana" "Cicindela.nevadica" "Cicindela.nigrior" "Cicindela.nigrocoerulea" "Cicindela.obsoleta" "Cicindela.ocellata" "Cicindela.oregona" "Cicindela.pamphila" "Cicindela.parowana" "Cicindela.patruela" "Cicindela.pilatei" "Cicindela.pimeriana" "Cicindela.plutonica" "Cicindela.politula" "Cicindela.praetextata" "Cicindela.pugetana" "Cicindela.pulchra" "Cicindela.punctulata" "Cicindela.puritana" "Cicindela.purpurea" "Cicindela.repanda" "Cicindela.rufiventris" "Cicindela.schauppii" "Cicindela.scutellaris" "Cicindela.sedecimpunctata" "Cicindela.senilis" "Cicindela.severa" "Cicindela.sexguttata" "Cicindela.sperata" "Cicindela.splendida" "Cicindela.striga" "Cicindela.tenuicincta" "Cicindela.tenuisignata" "Cicindela.terricola" "Cicindela.theatina" "Cicindela.togata" "Cicindela.tranquebarica" "Cicindela.trifasciata" "Cicindela.unipunctata" "Cicindela.viridisticta" "Cicindela.wapleri" "Cicindela.wickhami" "Cicindela.willistoni" "Omus.audouini" "Omus.californicus" "Omus.cazieri" "Omus.dejeanii" "Omus.submetallicus" "Tetracha.affinis" "Tetracha.carolina" "Tetracha.virginica" "Richness"
"1" "AL" 0 0 0 0 2 0 0 0 0 0 1 0 0 0 0 0 0 2 2 0 0 0 0 2 2 0 0 0 0 1 0 1 1 0 0 0 0 0 2 0 0 0 0 0 0 0 0 0 2 0 0 0 0 0 0 1 0 0 0 0 0 0 0 1 0 0 6 8 0 2 0 0 1 0 0 3 0 0 0 0 0 1 0 1 5 0 1 0 0 0 0 0 0 0 0 0 0 22
"2" "AZ" 3 0 3 0 0 0 0 0 0 0 0 0 0 0 0 0 0 0 0 2 0 0 0 0 0 0 2 2 0 0 6 0 10 0 2 0 9 1 4 0 0 2 1 0 0 6 1 4 0 11 8 6 10 0 0 0 0 1 0 0 8 0 2 10 0 4 1 0 0 0 10 0 0 0 5 0 0 0 11 3 0 0 5 0 0 5 0 4 1 0 0 0 0 0 0 0 0 34
"3" "AR" 0 0 0 0 0 0 0 0 0 0 0 0 0 0 0 0 0 19 2 0 0 0 0 0 4 4 0 0 0 0 0 0 10 0 0 0 0 0 6 0 0 0 6 0 0 0 0 0 0 0 1 0 0 0 0 0 0 0 0 0 0 0 0 41 0 2 18 39 0 6 0 0 0 15 0 16 0 0 0 0 0 0 7 0 1 0 0 0 0 0 0 0 0 0 0 17 19 19
"4" "CA" 0 0 0 1 0 0 0 0 0 0 0 1 0 0 0 0 0 0 0 0 0 0 1 0 0 0 0 0 1 0 4 0 17 0 0 2 1 0 0 0 0 2 0 0 0 0 1 0 0 3 0 0 8 0 0 0 0 0 2 0 2 0 0 0 0 0 0 0 0 0 0 2 0 0 0 0 0 1 1 6 0 0 5 2 0 0 0 0 2 0 6 0 0 1 0 2 0 24
"5" "CO" 0 9 1 0 0 0 0 0 0 0 0 0 0 0 0 4 0 10 0 0 10 16 0 0 7 26 20 0 0 0 1 0 16 0 0 0 0 21 3 15 3 25 2 0 0 7 6 8 0 15 16 0 38 0 0 0 0 0 0 0 0 0 20 38 0 26 30 0 0 24 0 0 0 0 1 8 0 0 0 17 3 3 30 0 0 0 0 0 0 0 0 0 0 0 0 0 0 34
"6" "CT" 0 0 0 0 0 0 0 0 0 0 0 0 0 0 0 0 0 0 0 0 0 0 0 3 6 0 0 0 0 0 0 0 1 0 0 0 0 0 0 1 0 0 0 1 0 0 0 0 0 0 0 0 0 0 0 0 0 0 0 0 0 0 0 8 0 7 8 4 0 7 0 0 0 8 0 0 0 0 0 0 0 0 0 0 0 0 0 0 0 0 0 0 0 0 0 0 0 11
"7" "DE" 0 0 0 0 0 0 0 0 0 0 0 0 0 0 0 0 0 0 0 0 0 0 0 1 1 0 0 0 0 0 0 0 2 0 0 0 0 0 1 0 0 0 0 1 0 0 0 0 0 0 0 0 0 0 0 1 0 0 0 0 0 0 0 3 0 0 3 1 0 1 0 0 0 3 0 0 0 0 0 0 0 0 2 0 0 0 0 0 0 0 0 0 0 0 0 0 1 13
"8" "FL" 0 0 0 0 6 0 0 0 0 0 0 0 0 0 0 0 0 0 0 0 0 0 0 7 0 0 0 0 0 2 0 3 4 5 0 0 0 0 0 0 0 0 0 6 0 0 0 0 0 0 0 0 0 0 0 0 0 0 0 0 0 0 0 11 0 0 0 0 0 0 0 0 1 0 0 0 1 0 0 0 0 0 0 10 0 0 1 0 0 0 0 0 0 0 0 1 0 13
"9" "GA" 0 0 0 0 10 0 2 0 0 0 8 0 0 0 0 0 0 0 0 0 0 0 0 5 8 0 0 0 0 2 0 0 5 3 0 0 0 0 0 0 0 0 0 5 0 0 0 0 3 0 0 0 0 0 0 3 0 0 0 0 0 0 0 62 0 0 33 24 0 8 0 0 0 32 0 2 1 0 0 0 0 0 5 20 19 0 4 0 0 0 0 0 0 0 0 31 26 24
"10" "ID" 0 0 0 0 0 0 0 3 0 0 0 0 0 0 0 0 1 0 0 0 8 0 0 0 0 0 0 0 0 0 7 0 3 0 0 0 0 1 0 0 0 15 0 0 0 0 11 0 0 0 0 0 20 0 3 0 0 0 2 0 0 0 0 0 0 15 8 0 0 0 0 0 0 0 0 0 0 0 0 5 0 0 19 0 0 0 0 0 1 0 0 0 0 0 0 0 0 16
"11" "IL" 0 0 0 0 0 0 0 0 0 0 0 0 0 0 0 0 0 0 0 0 0 0 0 0 0 0 0 0 0 0 0 0 6 0 0 0 0 0 0 0 0 0 0 0 0 0 0 0 0 0 0 0 0 0 0 0 0 0 0 0 0 0 0 0 0 0 0 0 0 0 0 0 0 0 0 0 0 0 0 0 0 0 0 0 0 0 0 0 0 0 0 0 0 0 0 0 1 2
"12" "IN" 0 0 0 0 0 0 6 0 0 0 0 0 0 0 0 0 0 10 0 0 0 0 0 0 22 21 0 0 0 0 0 0 11 0 0 0 0 0 9 0 0 0 3 0 3 0 0 0 0 0 0 0 0 0 0 8 0 0 0 0 0 0 0 42 0 18 42 25 0 21 0 0 0 42 0 0 0 0 0 0 0 0 26 0 16 0 0 0 0 0 0 0 0 0 0 0 15 18
"13" "IA" 0 0 0 0 0 0 0 0 0 0 0 0 0 1 0 0 0 13 1 0 0 0 0 0 21 20 0 0 0 0 0 0 12 0 0 0 0 1 1 16 0 0 0 0 0 0 0 0 0 0 0 0 0 0 0 0 0 0 0 0 0 0 0 51 0 3 45 0 0 14 0 0 0 35 0 2 0 0 0 0 0 0 8 0 2 0 0 0 0 0 0 0 0 0 0 0 12 18
"14" "KS" 0 10 0 0 0 0 0 0 10 0 0 0 0 7 0 20 0 31 0 0 0 5 0 0 23 33 14 0 0 0 0 0 30 0 0 0 0 11 11 4 0 0 28 0 0 0 0 21 0 1 3 0 0 0 0 0 0 0 0 0 0 0 10 63 0 17 29 0 0 31 0 0 0 19 0 22 0 0 0 0 0 14 17 0 0 0 0 0 1 0 0 0 0 0 0 1 33 29
"15" "KY" 0 0 0 0 0 0 0 0 0 0 0 0 0 0 0 0 0 0 0 0 0 0 0 0 0 0 0 0 0 0 0 0 2 0 0 0 0 0 0 0 0 0 0 0 0 0 0 0 0 0 0 0 0 0 0 0 0 0 0 0 0 0 0 1 0 0 0 2 0 0 0 0 0 0 0 0 0 0 0 0 0 0 0 0 0 0 0 0 0 0 0 0 0 0 0 0 0 3
"16" "LA" 0 0 0 0 0 0 0 0 0 0 0 0 0 0 0 0 0 0 0 0 0 0 0 0 0 0 0 0 0 0 0 0 0 0 0 0 0 0 0 0 0 0 0 0 0 0 0 0 0 0 0 0 0 0 0 0 0 0 0 0 0 0 0 0 0 0 0 0 0 0 0 0 0 0 0 0 0 0 0 0 0 0 0 0 0 0 0 0 0 0 0 0 0 0 0 0 0 0
"17" "ME" 0 0 0 0 0 0 2 0 0 0 0 0 0 0 0 0 0 0 0 0 0 0 0 0 11 7 0 0 0 0 0 0 3 0 0 0 0 0 0 6 0 8 0 2 0 0 0 0 0 0 0 0 0 0 0 0 0 0 0 0 0 0 0 5 0 9 11 0 0 4 0 0 0 11 0 0 0 0 0 0 0 0 13 0 0 0 0 0 0 0 0 0 0 0 0 0 0 13
"18" "MD" 0 0 0 0 1 0 2 0 0 0 0 0 0 0 0 0 0 0 0 0 0 0 0 4 6 3 0 0 0 0 0 0 11 0 0 0 0 0 1 0 0 0 0 9 0 0 0 0 0 0 0 0 0 0 0 4 0 0 0 0 0 0 0 12 3 4 11 15 0 12 0 0 0 11 0 2 0 0 0 0 0 0 9 1 7 0 0 0 0 0 0 0 0 0 0 1 12 22
"19" "MA" 0 0 0 0 0 0 0 0 0 0 0 0 0 0 0 0 0 0 0 0 0 0 0 0 0 0 0 0 0 0 0 0 6 0 0 0 0 0 0 0 0 0 0 0 0 0 0 0 0 0 0 0 0 0 0 0 0 0 0 0 0 0 0 0 0 0 2 0 0 0 0 0 0 0 0 0 0 0 0 0 0 0 0 0 0 0 0 0 0 0 0 0 0 0 0 0 0 2
"20" "MI" 0 0 0 0 0 0 0 0 0 0 0 0 0 0 0 0 0 0 0 0 0 0 0 0 30 22 0 0 0 0 0 0 31 0 0 0 0 0 10 9 0 17 2 0 0 0 0 0 0 0 0 0 0 0 0 12 0 0 0 0 0 0 0 50 0 26 61 0 0 38 0 0 0 35 0 0 0 0 0 0 0 0 23 0 0 0 0 0 0 0 0 0 0 0 0 0 0 14
"21" "MN" 0 0 0 0 0 0 0 0 0 0 0 0 0 0 0 0 0 2 0 0 0 0 0 0 19 7 0 0 0 0 0 0 10 0 0 0 0 0 2 1 0 6 0 0 0 0 2 0 0 0 0 0 0 0 0 0 0 0 0 0 0 0 0 7 0 6 0 0 0 3 0 0 0 5 0 1 0 0 0 0 0 0 7 0 0 0 0 0 0 0 0 0 0 0 0 0 0 14
"22" "MS" 0 0 0 0 8 0 0 0 0 0 7 0 0 0 0 0 0 5 7 0 0 0 0 3 6 5 0 0 0 0 0 2 10 0 0 0 0 0 3 0 0 0 0 0 1 0 0 0 0 0 0 0 0 1 0 0 0 0 0 0 0 0 0 30 0 1 34 20 0 7 0 0 1 18 0 2 0 0 0 0 0 0 13 7 2 0 17 0 0 0 0 0 0 0 0 23 0 25
"23" "MO" 0 0 0 0 0 0 0 0 0 0 0 0 0 0 0 2 0 0 0 0 0 0 0 0 0 1 0 0 0 0 0 0 3 0 0 0 0 0 0 0 0 0 0 0 0 0 0 0 0 0 0 0 0 0 0 0 0 0 0 0 0 0 0 0 0 1 1 0 0 0 0 0 0 0 0 2 0 0 0 0 0 0 1 0 0 0 0 0 0 0 0 0 0 0 0 0 0 7
"24" "MT" 0 0 0 0 0 0 0 0 0 0 0 0 0 0 0 0 0 0 0 0 0 0 0 0 0 0 0 0 0 0 0 0 3 0 0 0 0 0 0 0 0 7 0 0 0 0 4 0 0 0 0 0 8 0 0 0 0 0 0 0 0 0 0 0 0 2 4 0 0 0 0 0 0 0 0 0 0 0 0 2 0 0 4 0 0 0 0 0 0 0 0 0 0 0 0 0 0 8
"25" "NE" 0 2 0 0 0 0 0 0 0 0 0 0 0 11 0 2 0 20 7 0 0 20 0 0 6 35 9 0 0 0 0 0 25 0 0 0 0 24 9 22 22 1 22 0 0 0 2 8 0 0 0 0 0 0 0 0 0 0 0 0 0 0 1 60 0 16 47 0 0 38 0 0 0 19 0 42 0 0 0 4 0 4 33 0 0 0 0 0 0 0 0 0 0 0 0 1 5 30
"26" "NV" 0 0 0 0 0 0 0 0 0 0 0 0 0 0 0 0 0 0 0 0 0 0 0 0 0 0 0 0 0 0 9 0 1 0 0 0 1 0 0 0 0 1 0 0 0 0 1 1 0 0 0 0 10 0 4 0 0 0 2 0 1 0 0 2 0 2 0 0 0 0 0 0 0 0 0 0 0 0 2 5 0 0 8 0 0 0 0 0 4 0 0 0 0 0 0 1 0 17
"27" "NH" 0 0 0 0 0 0 5 0 0 0 0 0 0 0 0 0 0 0 0 0 0 0 0 0 10 9 0 0 0 0 0 0 9 0 0 0 0 0 0 3 0 4 0 2 3 0 0 0 0 0 0 0 0 0 0 2 0 0 0 0 0 0 0 10 1 10 10 0 0 9 0 0 0 10 0 0 0 0 0 0 0 0 10 0 0 0 0 0 0 0 0 0 0 0 0 0 0 16
"28" "NJ" 0 0 0 0 5 0 0 0 0 0 0 0 0 0 0 0 0 0 0 0 0 0 0 4 13 14 0 0 0 0 0 0 8 0 0 0 0 0 8 5 0 0 0 6 4 0 0 0 0 0 0 0 0 0 0 4 0 0 0 0 0 0 0 17 0 12 17 5 0 12 0 0 0 18 0 0 0 0 0 0 0 0 10 2 9 0 0 0 0 0 0 0 0 0 0 0 1 20
"29" "NM" 0 0 0 0 0 0 0 0 0 0 0 0 0 0 0 0 0 0 0 0 0 0 0 0 0 0 0 0 0 0 0 0 0 0 0 0 0 0 0 0 0 0 0 0 0 0 0 0 0 0 0 0 0 0 0 0 0 0 0 0 0 0 0 0 0 0 0 0 0 0 0 0 0 0 0 0 0 0 0 0 0 0 0 0 0 0 0 0 0 0 0 0 0 0 0 0 0 0
"30" "NY" 0 0 0 0 0 0 0 0 0 0 0 0 0 0 0 0 0 0 0 0 0 0 0 1 4 6 0 0 0 0 0 0 7 0 0 0 0 0 2 0 0 3 0 1 0 0 0 0 0 0 0 0 0 0 0 1 0 0 0 0 0 0 0 6 0 5 3 1 0 1 0 0 0 3 0 0 0 0 0 0 0 0 4 0 0 0 0 0 0 0 0 0 0 0 0 0 0 15
"31" "NC" 0 0 0 0 10 0 2 0 0 0 3 0 0 0 0 0 0 0 0 0 0 0 0 6 12 0 0 0 0 8 0 0 10 0 0 0 0 0 1 0 0 0 0 6 0 0 0 0 1 0 0 0 0 0 0 8 0 0 0 0 0 0 0 45 0 7 32 14 0 18 0 0 0 33 0 12 0 0 0 0 0 0 30 7 11 0 0 0 0 0 0 0 0 0 0 29 19 23
"32" "ND" 0 0 0 0 0 0 0 0 0 0 0 0 0 0 0 2 0 0 1 0 0 0 0 0 0 0 1 0 0 0 0 0 5 0 0 0 0 0 0 0 0 0 0 0 0 0 0 0 0 0 0 0 0 0 0 0 0 0 0 0 0 0 0 0 0 0 0 0 0 0 0 0 0 0 0 0 0 0 0 5 0 0 0 0 0 0 0 0 0 0 0 0 0 0 0 0 0 5
"33" "OH" 0 0 0 0 0 0 1 0 0 0 0 0 0 0 0 0 0 3 1 0 0 0 0 0 43 14 0 0 0 0 0 0 8 0 0 0 0 0 4 3 0 0 0 0 7 0 0 0 0 0 0 0 0 0 0 12 0 0 0 0 0 0 0 43 0 12 41 35 0 9 0 0 0 54 0 3 0 0 0 0 0 0 20 0 14 0 0 0 0 0 0 0 0 0 0 0 14 20
"34" "OK" 0 1 0 0 0 0 0 0 4 0 0 0 0 1 0 13 0 36 0 0 0 0 0 0 11 15 5 0 0 0 0 0 36 0 0 0 0 1 15 0 0 0 0 0 0 0 0 6 0 0 7 0 0 0 0 0 0 0 0 0 0 0 5 56 0 45 0 1 3 21 0 0 0 22 0 16 0 0 0 0 0 7 30 0 0 0 0 0 1 0 0 0 0 0 0 8 0 25
"35" "OR" 0 0 0 0 0 2 0 0 0 8 0 0 0 0 0 0 5 0 0 0 0 0 14 0 0 0 0 0 0 0 7 0 10 0 0 0 0 0 0 0 0 18 0 0 0 0 3 0 0 0 0 0 27 0 5 0 0 0 2 0 0 3 0 0 0 14 14 0 0 0 0 0 0 0 0 0 0 2 0 5 0 0 20 0 0 0 0 0 2 15 1 1 15 0 0 0 0 22
"36" "PA" 0 0 0 0 0 0 0 0 0 0 0 0 0 0 0 0 0 0 0 0 0 0 0 0 0 1 0 0 0 0 0 0 2 0 0 0 0 0 1 1 0 0 0 0 0 0 0 0 0 0 0 0 0 0 0 0 0 0 0 0 0 0 0 1 0 0 1 1 0 0 0 0 0 1 0 0 0 0 0 0 0 0 1 0 0 0 0 0 0 0 0 0 0 0 0 0 0 9
"37" "RI" 0 0 0 0 0 0 0 0 0 0 0 0 0 0 0 0 0 0 0 0 0 0 0 2 0 0 0 0 0 0 0 0 4 0 0 0 0 0 0 1 0 0 0 0 0 0 0 0 0 0 0 0 0 0 0 1 0 0 0 0 0 0 0 1 0 0 0 0 0 0 0 0 0 0 0 0 0 0 0 0 0 0 0 0 0 0 0 0 0 0 0 0 0 0 0 0 0 5
"38" "SC" 0 0 0 0 22 0 0 0 0 0 6 0 0 0 0 0 0 0 0 0 0 0 0 5 13 0 0 0 0 8 0 0 6 0 0 0 0 0 0 0 0 0 0 7 0 0 0 0 2 0 0 0 0 0 0 2 0 0 0 0 0 0 0 39 0 4 34 13 0 14 0 0 0 25 0 3 1 0 0 0 0 2 23 21 10 0 0 0 0 0 0 0 0 0 0 35 17 23
"39" "SD" 0 1 0 0 0 0 0 0 0 0 0 0 0 0 0 0 0 3 4 0 0 3 0 0 3 7 0 0 0 0 0 0 5 0 0 0 0 1 0 1 1 3 0 0 0 0 2 0 0 0 0 0 0 0 0 0 0 0 0 0 0 0 0 0 0 3 5 0 0 2 0 0 0 18 0 3 0 0 0 1 0 0 3 0 0 0 0 0 0 0 0 0 0 0 0 0 0 19
"40" "TN" 0 0 0 0 0 0 0 0 0 0 0 0 0 0 0 0 0 0 0 0 0 0 0 0 0 0 0 0 0 0 0 0 0 0 0 0 0 0 0 0 0 0 0 0 0 0 0 0 0 0 0 0 0 0 0 0 0 0 0 0 0 0 0 0 0 0 0 0 0 0 0 0 0 0 0 0 0 0 0 0 0 0 0 0 0 0 0 0 0 0 0 0 0 0 0 0 0 0
"41" "TX" 0 5 2 0 0 0 0 0 3 0 0 0 1 0 1 31 0 2 0 0 0 0 0 5 0 5 0 1 0 0 0 9 30 0 1 0 4 0 1 0 0 0 0 0 0 0 0 12 0 5 9 39 0 8 0 0 3 0 0 16 1 0 0 30 0 0 5 4 31 8 1 0 8 3 3 4 0 0 3 0 0 34 5 11 0 0 0 0 2 0 0 0 0 0 2 14 7 41
"42" "UT" 0 0 0 1 0 0 0 0 0 0 0 0 0 0 0 0 0 0 0 0 1 0 2 0 0 0 1 0 0 0 7 0 4 0 0 0 1 0 0 0 1 4 0 0 0 0 3 0 0 1 0 0 19 0 2 0 0 0 0 0 2 0 0 8 0 6 5 0 0 0 0 0 0 0 1 0 0 1 1 11 0 1 25 0 0 0 0 0 7 0 0 0 1 0 0 0 0 25
"43" "VT" 0 0 0 0 0 0 2 0 0 0 0 0 0 0 0 0 0 0 0 0 0 0 0 0 8 9 0 0 0 0 0 0 3 0 0 0 0 0 0 4 0 2 0 0 3 0 0 0 0 0 0 0 0 0 0 1 0 0 0 0 0 0 0 8 1 8 13 1 0 8 0 0 0 14 0 0 0 0 0 0 0 0 8 0 0 0 0 0 0 0 0 0 0 0 0 0 0 16
"44" "VA" 0 0 0 0 2 0 6 0 0 0 0 0 0 0 0 0 0 0 0 0 0 0 0 8 16 4 0 0 0 1 0 0 16 0 0 0 0 0 1 4 0 0 0 10 0 0 0 0 0 0 0 0 0 0 0 11 0 0 0 0 0 0 0 56 0 14 46 42 0 10 0 0 0 54 0 18 0 0 0 0 0 0 34 5 18 0 0 0 0 0 0 0 0 0 0 11 24 23
"45" "WA" 0 0 0 0 0 0 0 0 0 3 0 0 0 0 0 0 4 0 0 0 6 0 14 0 0 0 0 0 0 0 8 0 12 0 0 0 0 0 0 0 0 14 0 0 0 0 16 0 0 0 0 0 35 0 6 0 0 0 0 0 0 6 0 0 0 17 13 0 0 0 0 0 0 0 0 0 0 0 0 12 0 0 24 0 0 0 0 0 0 15 15 0 18 0 0 0 0 18
"46" "WV" 0 0 0 0 0 0 12 0 0 0 0 0 0 0 0 0 0 2 1 0 0 0 0 0 29 2 0 0 0 0 0 0 0 0 0 0 0 0 0 0 0 0 0 0 1 0 0 0 0 0 0 0 0 0 0 9 0 0 0 0 0 0 0 27 0 9 27 28 0 2 0 0 0 40 0 3 0 0 0 0 0 0 15 0 9 0 0 0 0 0 0 0 0 0 0 0 10 17
"47" "WI" 0 0 0 0 0 0 0 0 0 0 0 0 0 0 0 0 0 0 0 0 0 0 0 0 0 0 0 0 0 0 0 0 12 0 0 0 0 0 0 0 0 0 0 0 0 0 0 0 0 0 0 0 0 0 0 0 0 0 0 0 0 0 0 0 0 0 0 0 0 0 0 0 0 0 0 1 0 0 0 0 0 0 0 0 0 0 0 0 0 0 0 0 0 0 0 0 1 3
"48" "WY" 0 1 0 0 0 0 0 0 0 0 0 0 0 0 0 0 0 0 0 0 4 0 0 0 0 2 1 0 0 0 1 0 4 0 0 0 0 5 0 2 1 0 0 0 0 0 7 0 0 0 0 0 1 0 0 0 0 0 0 0 0 0 0 1 0 6 0 0 0 2 0 0 0 0 0 0 0 0 0 3 0 0 5 0 0 0 0 0 1 0 0 0 0 0 0 0 0 17
